نماد	p/e	بازار	گروه
زشگزا	18.57	2	01
زماهان	21.87	2	01
زمگسا	16.88	1	01
زبينا	19.35	2	01
زفكا	9.93	2	01
تليسه	28.75	2	01
زپارس	19.16	1	01
زشريف	29.72	2	01
زقيام	12.49	2	01
زدشت	17.07	2	01
زكشت	40.09	2	01
زگلدشت	10.16	2	01
آبين	184.73	4	01
كطبس	14.33	1	10
كپرور	17.66	2	10
كشرق	63.82	2	10
حفاري	15.44	1	11
كگل	6.34	1	13
ومعادن	9.05	1	13
تاصيكو	9.68	1	13
كروي	11.59	1	13
كنور	8.64	1	13
كچاد	5.11	1	13
تكنار	-38.16	4	13
كمنگنز	9.48	1	13
كدما	56.28	1	13
كاما	6.49	1	13
كبافق	256.15	1	13
كماسه	50.45	1	14
نطرين	14.6	2	17
نتوس	-592	4	17
نشار	1.09	4	17
نبروج	3.3	1	17
نمرينو	138.43	1	17
وملي	4176.13	1	19
چفيبر	-273.25	1	20
چنوپا	0.09	4	20
چكاوه	-81.32	1	21
چكارن	77.85	1	21
چافست	25.26	1	22
شتران	4.61	1	23
شپنا	3.78	1	23
شاوان	7.05	2	23
شسپا	5.08	1	23
ونفت	10.45	1	23
شرانل	7.65	2	23
شراز	5.53	2	23
شبريز	5.08	1	23
شبهرن	6.77	1	23
شنفت	9.25	1	23
شزنگ	-98.54	4	23
شبندر	4.41	1	23
شپاس	9.22	2	23
پكوير	89.94	1	25
پلوله	-0.75	4	25
پدرخش	12.8	1	25
پلاست	-4.8	4	25
پسهند	12.71	1	25
پتاير	7.64	1	25
پارتا	27.94	4	25
پلاسك	-22.44	1	25
پكرمان	21.52	1	25
پشاهن	13.85	4	25
پاسا	9.47	1	25
ماديرا	9.28	2	26
فولاي	12.28	2	27
فاسمين	5.96	1	27
فولاد	3.67	1	27
فوكا	-12.47	4	27
فسازان	16.52	1	27
وتوكا	16.52	1	27
هرمز	7.11	2	27
فنفت	33.68	4	27
فخاس	22	1	27
كاوه	6.4	1	27
فافزا	27.71	4	27
فزرين	14.48	2	27
كوير	6.84	1	27
فسپا	7.04	1	27
فنوال	14.61	1	27
ذوب	12.28	2	27
فرآور	14.07	1	27
فملي	4.88	1	27
فسرب	19.33	1	27
فخوز	4.43	1	27
فروس	17.5	1	27
فپنتا	29.36	1	27
فايرا	5.22	1	27
ارفع	6.39	2	27
فاهواز	-27.77	4	27
وسديد	-32.36	4	27
كيميا	7.59	2	27
فجر	5.28	1	27
فولاژ	5.92	1	27
زنگان	83.36	2	27
فسديد	-2.1	4	27
فنورد	23.07	1	27
فالوم	-96.46	4	27
فباهنر	8.65	1	27
ميدكو	20.19	2	27
فاذر	47.36	1	28
فاراك	24.58	1	28
فنرژي	-1.49	4	28
فلامي	11.5	1	28
فجوش	-0.42	4	28
فاما	8.49	1	28
فبيرا	11.51	4	28
فبستم	31.59	4	28
فجام	17.72	1	28
چدن	6.83	1	28
لسرما	22.13	1	29
لابسا	16.73	1	29
تفيرو	-15.95	4	29
تكنو	224.46	1	29
وتوشه	8.64	1	29
تپمپي	15.3	1	29
لخزر	13.88	1	29
تكمبا	56.96	1	29
تمحركه	108.46	1	29
تايرا	8.56	1	29
لبوتان	24.41	1	29
لخانه	34.94	4	29
لازما	-61.8	4	29
تكشا	20.71	1	29
بسويچ	17.13	1	31
بكام	74.61	1	31
بايكا	-14.16	4	31
بموتو	7.57	1	31
بتك	216.73	4	31
بشهاب	12.79	1	31
بنيرو	13.97	1	31
بكاب	75.52	1	31
نيرو	12.72	4	31
بترانس	16.8	1	31
بالبر	54.4	1	31
لپارس	32.94	1	32
لپيام	50.31	4	32
لكما	-31.18	4	32
خزر	34.54	1	34
خاور	-0.59	4	34
خشرق	527	1	34
خوساز	210.56	1	34
خديزل	7.15	2	34
خموتور	34.61	1	34
خپارس	-1.38	1	34
خمحور	66.05	1	34
خاهن	42.31	1	34
خاذين	-18.13	1	34
ختوقا	115.11	1	34
خكاوه	-0.92	4	34
خمهر	-7.86	1	34
خگستر	288.13	1	34
تشتاد	-88.24	4	34
ختور	18.41	1	34
خنصير	40.01	1	34
خلنت	19.05	1	34
خفناور	-121.96	4	34
خفنر	38.56	1	34
خودرو	-1.02	1	34
خپويش	10.42	1	34
خرينگ	174.69	1	34
ختراك	15.38	1	34
خزاميا	-13.48	1	34
خچرخش	123.54	1	34
خكار	24.93	1	34
خكمك	1674.33	1	34
خمحركه	39.7	1	34
خساپا	-1.19	1	34
خبهمن	6.94	1	34
خريخت	-35.29	1	34
ورنا	15.9	1	34
قچار	18.61	2	38
قنيشا	18.87	1	38
قلرست	27.59	1	38
قشكر	299.35	1	38
قزوين	12.01	1	38
قشرين	124.8	4	38
قهكمت	11.04	1	38
قشهد	16.4	1	38
قنقش	33.76	4	38
قپيرا	20.33	1	38
قاروم	3.23	4	38
قمرو	15.21	1	38
قثابت	319.68	1	38
قشير	33.47	2	38
قصفها	16.3	1	38
وغدير	8.67	1	39
وصندوق	4.97	1	39
وبانك	5.24	1	39
واميد	7.85	1	39
وهور	26.33	2	40
بفجر	6.07	1	40
بكهنوج	-20.17	2	40
بمپنا	39.09	2	40
دماوند	59.37	2	40
بجهرم	135.67	2	40
بزاگرس	25.14	2	40
ونيرو	20.02	1	40
مبين	4.84	1	40
غپاك	-47.84	1	42
غشاذر	43.15	1	42
غشصفا	18.85	1	42
غچين	22.3	1	42
غدشت	110.03	1	42
خودكفا	29.19	4	42
غگل	19.87	1	42
غسالم	45.65	1	42
غنيلي	-49.19	2	42
غمينو	14.77	2	42
غپآذر	44.42	2	42
غگز	-17.86	2	42
غشهد	3.28	1	42
غگرجي	21.93	1	42
غصينو	15.17	4	42
غشان	38.26	1	42
غمهرا	27.52	1	42
غشهداب	7.34	2	42
غپونه	14.21	4	42
غپينو	19.31	1	42
غگلستا	89.07	2	42
غبهنوش	47.93	1	42
غاذر	20.66	1	42
غفارس	57.97	2	42
غدام	17.33	1	42
غبشهر	13.07	1	42
غالبر	25.68	1	42
تبرك	9.67	2	42
غمارگ	17.36	1	42
غگلپا	18.03	2	42
وبشهر	10.77	1	42
غديس	15.99	2	42
غويتا	20.09	2	42
بهپاك	14.77	2	42
غشوكو	22.66	4	42
غيوان	-23.22	4	42
دقاضي	19.38	4	43
وپخش	11.87	1	43
دابور	10.87	1	43
كي بي سي	18.08	2	43
بركت	66.13	1	43
دفرا	11.02	1	43
دتوليد	31.3	2	43
دتماد	14.43	1	43
دالبر	13.08	1	43
دبالك	29.66	2	43
دشيري	8.83	4	43
دعبيد	41.74	1	43
دسانكو	70.19	2	43
كاسپين	10.2	2	43
درازك	11.76	1	43
ديران	27.76	1	43
شتهران	8.17	4	43
دتوزيع	18.69	2	43
والبر	9.81	1	43
دكيمي	9.63	1	43
دزهراوي	-101.47	1	43
دسبحان	11.34	1	43
دپارس	9.93	1	43
دتهران‌	8.95	4	43
داوه	41.83	2	43
شفا	11.28	1	43
دسبحا	11.77	1	43
دفارا	6.24	1	43
دجابر	12.65	1	43
دلقما	46.49	1	43
دارو	10.13	1	43
دشيمي	22.93	1	43
دكپسول	16.84	2	43
هجرت	11.53	2	43
درهآور	39.81	2	43
ددام	91.48	1	43
ريشمك	19.63	2	43
دلر	8.42	1	43
پخش	16.19	2	43
داسوه	11.28	1	43
دكوثر	18.61	1	43
تيپيكو	8.91	1	43
دسينا	15.29	1	43
دحاوي	10.88	4	43
دروز	78.23	1	43
دامين	9.74	1	43
شيران	7.39	1	44
شاراك	4.82	1	44
شگل	9.16	1	44
شفارس	59.1	1	44
شاملا	9.78	1	44
داراب	73	4	44
كازرو	-281.4	4	44
شپلي	-13.45	4	44
شفارا	-158.18	4	44
پترول	8.83	1	44
فارس	6.33	1	44
شپارس	15.37	1	44
جم	5.95	1	44
پارس	5.46	1	44
شغدير	5.32	2	44
شكربن	17.27	1	44
شكبير	7.35	4	44
وپترو	85.63	1	44
مارون	7.05	2	44
شلرد	-1610.5	4	44
جم پيلن	5.51	1	44
خراسان	4.27	1	44
شجم	19.22	4	44
شخارك	6.1	1	44
شكلر	11.52	1	44
شبصير	5.02	2	44
شسم	-47.65	4	44
شوينده	12.93	1	44
نوري	8.06	1	44
شتولي	-0.6	4	44
شكف	-2.12	4	44
پاكشو	14.45	1	44
تاپيكو	6.83	1	44
پارسان	6.32	1	44
زاگرس	3.98	2	44
جهرم	88	4	44
شدوص	11.75	1	44
ساينا	9.18	2	44
كرماشا	5.45	1	44
شمواد	-544.42	4	44
شتوكا	24.18	2	44
شيراز	5.43	1	44
شلعاب	429.25	1	44
شپديس	4.8	1	44
شصفها	3.77	4	44
ممسني	-361.86	4	44
زنجان	-2205	4	44
شفن	3.48	1	44
شسينا	16.2	1	44
شرنگي	76.29	4	44
شپترو	-5.91	4	44
شپاكسا	5.75	1	44
فسا	70.25	4	44
شستان	-366.33	4	44
وپسا	324.5	4	45
خصدرا	76.26	4	45
بالاس	23.48	2	45
بميلا	6.27	4	46
قاسم	34.22	2	47
افق	17.3	1	47
كصدف	-74.97	4	49
كساوه	10.26	1	49
كپارس	12	1	49
كلوند	14.85	1	49
كحافظ	-216.76	1	49
كسعدي	20.66	1	49
كترام	23.5	1	49
سفار	20.77	1	53
سكرما	7.78	1	53
سنير	16.17	1	53
ساروم	7.83	1	53
ساربيل	8.98	1	53
سقاين	22.79	1	53
سيدكو	13.28	1	53
سخواف	-95.16	4	53
سصفها	45.73	1	53
سمازن	14.08	1	53
سشمال	10.49	1	53
سباقر	10.55	4	53
سكرد	-2613	1	53
سهگمت	12.95	1	53
سكارون	-7.92	4	53
سيلام	119.61	1	53
سبهان	10.53	1	53
سفارس	15.15	1	53
سجام	-5.3	4	53
سخزر	8.21	1	53
ستران	-2534.5	1	53
سهرمز	10.3	1	53
سغرب	17.3	1	53
سخوز	8.65	1	53
سمتاز	7.54	4	53
سبزوا	7.71	2	53
سصوفي	14.7	1	53
سدور	2566	1	53
ساروج	7.76	4	53
سلار	743.33	4	53
سدشت	37.94	1	53
سشرق	7.86	1	53
سخاش	9.06	1	53
سرود	15.21	1	53
ساراب	8.27	1	53
سفانو	6.58	1	53
سپاها	212.55	1	53
كپشير	29.98	1	54
كقزوي	21.07	4	54
كاذر	11.24	1	54
كسرام	-45.57	1	54
سايرا	-8.78	4	54
كايتا	263.61	4	54
كگاز	21.17	1	54
كباده	1.35	4	54
كتوكا	7.69	2	54
كخاك	9.91	1	54
سفاسي	-177.94	4	54
كفرآور	-55.81	4	54
كهمدا	9.24	1	54
كفرا	8.92	1	54
سفارود	-6.05	4	54
كساپا	45.56	1	54
كرازي	9.79	1	54
كسرا	25.52	1	54
كمرجان	79.71	2	54
سپرمي	-3.97	4	54
كابگن	-2.11	4	54
كفپارس	-64.6	1	54
كمينا	71.86	4	54
سمگا	-1724.75	2	55
گكيش	69.88	4	55
گكوثر	34.15	2	55
گپارس	79.96	4	55
وبيمه	34.91	1	56
وساپا	16.49	1	56
وسكاب	3.35	1	56
وآداك	1504.6	4	56
وتوصا	32.84	1	56
وجامي	16.02	4	56
وايرا	13.65	4	56
واعتبار	6.18	1	56
اعتلا	6.29	2	56
وگستر	6.7	2	56
وبوعلي	4.44	1	56
سنوين	770.8	4	56
معيار 	-15555	4	56
وصنعت	4.02	1	56
ونيكي	5.78	1	56
وسپه	5.95	1	56
وآرين	3.02	4	56
وصنا	4.99	1	56
واتي	7.91	1	56
پرديس	4.05	1	56
وتوسم	3.97	1	56
گوهران	4.79	2	56
سدبير	12.66	2	56
وملت	50.21	4	56
آريان	24.44	4	56
وخارزم	11.04	1	56
وسبحان	4.07	2	56
وشمال	-34.03	4	56
وبهمن	11.82	1	56
فلات	158.33	4	56
وبرق	34.19	4	56
وكادو	27.58	4	56
سرچشمه	6.6	2	56
وپاسار	5.15	1	57
وسينا	16.56	1	57
وبصادر	-6.7	1	57
وآيند	14.43	4	57
ونوين	-4.24	1	57
وخاور	4.87	1	57
سمايه	-0.07	4	57
وكار	11.38	1	57
توسعه	12.09	4	57
وگردش	2.69	4	57
وشهر	-0.58	4	57
وسالت	-12.85	4	57
وبملت	2.09	1	57
سامان	1.87	4	57
وپارس	-4.91	1	57
وپست	-4.12	1	57
وتجارت	16.14	1	57
ولغدر	16.29	1	58
ولملت	7.44	1	58
وليز	-28.44	1	58
ولصنم	9.97	1	58
ولبهمن	12.45	2	58
ولساپا	11.13	1	58
وايران	7.28	1	58
حتوكا	79.59	1	60
حكشتي	21.8	1	60
حريل	18.09	2	60
حرهشا	25.58	4	60
حآسا	47.66	2	60
حسينا	7.82	2	60
حپترو	81.71	1	60
حبندر	2.29	4	60
توريل	8.94	2	60
حسير	18.47	2	60
حپارسا	25.19	2	60
حفارس	-321	1	60
حتايد	6.91	1	60
حخزر	13.65	2	61
حاريا	-6.64	4	61
اخابر	7.84	1	64
همراه	7.68	1	64
ولتجار	-105.11	4	65
وسنا	18.59	4	65
وثوق	20.92	4	65
ولانا	57.64	4	65
ولراز	-94.11	4	65
وآتوس	-107.14	4	65
ولشرق	10.68	2	65
واحيا	11.28	4	65
وثنو	16.12	4	65
واحصا	49.76	4	65
وارس	14.98	4	65
ومشان	57.58	4	65
كوثر	11.62	2	66
ومعلم	53.37	2	66
اتكاي	7.31	2	66
پارسيان	14.25	1	66
نوين	7.44	2	66
البرز	16.33	1	66
ملت	19.69	1	66
ما	6.82	1	66
وسين	-13.98	4	66
بساما	17.66	2	66
ميهن	-230	2	66
آسيا	16.03	1	66
وآفري	17.05	4	66
وحافظ	-18.33	4	66
ودي	5.35	2	66
وسرمد	13.19	4	66
اتكام	11.24	2	66
بنو	9.44	4	66
بخاور	10.44	4	66
بپاس	17.09	2	66
دانا	18.17	1	66
اميد	6.26	1	67
فرابورس	16.44	2	67
بورس	15.67	1	67
كالا	71.97	1	67
لوتوس	5.94	1	67
تنوين	5.86	1	67
كبورس	15.34	1	67
اكالا	226.69	1	67
نكالا	56.93	1	67
سخند	3.7	2	68
ثاصفا	4.36	4	70
ثمسكن	23.27	1	70
ثباغ	27.5	2	70
كيسون	30.83	4	70
ثامان	202.08	1	70
وثخوز	-6100	4	70
ثعمرا	36.71	2	70
ثزاگرس	-20.18	4	70
ثالوند	14.11	2	70
آ س پ	-283.29	2	70
ثعتما	54.75	4	70
ثاخت	-37.57	1	70
ثغرب	273.5	2	70
ثرود	87.14	2	70
ثنظام	352.07	4	70
وآذر	-153.74	1	70
ثپرديس	19.77	2	70
وتوس	68.05	1	70
ثتوسا	222.69	4	70
ثنام	44.87	4	70
ثشرق	17.91	1	70
ثشاهد	13	1	70
ثتران	38.66	2	70
ثاباد	2343.5	1	70
ثجوان	-39.17	4	70
ثفارس	16.24	1	70
ثنوسا	-37.44	1	70
خبازرس	8	4	71
ركيش	9.61	1	72
رانفور	11.19	1	72
تاپكيش	13.92	2	72
فن آوا	23	4	72
آپ	13.89	1	72
سپ	15.74	1	72
مفاخر	25.73	2	72
افرا	15.81	2	72
رتاپ	8.9	1	72
پرداخت	10.82	1	72
سيستم	10.29	1	72
هاي وب	32.14	1	73
رنيك	17.49	2	74
رمپنا	15.25	1	74
تپولا	-21.35	4	74
رتكو	781.43	1	74
تابا	9.08	4	74
وهنر	7.35	4	90
