نماد	p/e	بازار	گروه
زپارس	18.41	1	01
زگلدشت	10	2	01
تليسه	25.14	2	01
زشريف	26.41	2	01
زبينا	17.99	2	01
زكشت	33.38	2	01
زفكا	9.08	2	01
زدشت	15.82	2	01
زشگزا	17.17	2	01
زماهان	19.64	2	01
آبين	162.35	4	01
زقيام	10.82	2	01
زمگسا	16.67	1	01
كپرور	14.83	2	10
كطبس	12.92	1	10
كشرق	54.86	2	10
حفاري	13.15	1	11
تاصيكو	9.33	1	13
كبافق	239.04	1	13
كروي	11.35	1	13
كنور	7.95	1	13
كاما	6.42	1	13
كگل	6.31	1	13
كچاد	5.2	1	13
كمنگنز	9.05	1	13
كدما	56.26	1	13
ومعادن	9.09	1	13
تكنار	-38.2	4	13
كماسه	49.45	1	14
نتوس	-653.56	4	17
نشار	1.09	4	17
نبروج	3.3	1	17
نمرينو	144.85	1	17
نطرين	14.41	2	17
وملي	3866.33	1	19
چنوپا	0.09	4	20
چفيبر	-253.42	1	20
چكارن	74.96	1	21
چكاوه	-74.63	1	21
چكاپا	12.04	2	21
چافست	21.69	1	22
شنفت	9.15	1	23
شسپا	5.15	1	23
شراز	5.34	2	23
شاوان	7.5	2	23
شتران	4.55	1	23
ونفت	8.86	1	23
شرانل	7.73	2	23
شبهرن	6.91	1	23
شبريز	5.25	1	23
شبندر	4.54	1	23
شزنگ	-94.16	4	23
شپاس	8.06	2	23
شپنا	3.8	1	23
پتاير	7.14	1	25
پلوله	-0.78	4	25
پلاست	-4.43	4	25
پكوير	79.96	1	25
پسهند	10.61	1	25
پلاسك	-18.88	1	25
پشاهن	13.45	4	25
پكرمان	21.06	1	25
پارتا	27.72	4	25
پدرخش	12.32	1	25
پاسا	9.1	1	25
فرآور	14.06	1	27
فسديد	-2.11	4	27
فسپا	7.14	1	27
فروس	16.41	1	27
ذوب	11.47	2	27
فسرب	17.85	1	27
فنوال	12.81	1	27
فنورد	20.83	1	27
كيميا	7.36	2	27
ارفع	6.32	2	27
فنفت	31.15	4	27
كاوه	6.5	1	27
هرمز	7.07	2	27
فخاس	21.74	1	27
فلوله	1158.44	1	27
ميدكو	20.25	2	27
وتوكا	15.89	1	27
فولاژ	5.55	1	27
فسازان	15.15	1	27
فولاد	3.69	1	27
فايرا	4.67	1	27
فاهواز	-25.19	4	27
فجر	5.3	1	27
فافزا	24.41	4	27
فوكا	-38.9	4	27
فاسمين	5.72	1	27
فزرين	13.74	2	27
فولاي	11.46	2	27
فالوم	-85.93	4	27
كوير	6	1	27
فباهنر	6.79	1	27
وسديد	-32.16	4	27
زنگان	80.18	2	27
فمراد	-63.94	1	27
فپنتا	30.78	1	27
فخوز	4.34	1	27
فملي	4.92	1	27
چدن	5.72	1	28
فاما	8.58	1	28
فاراك	23.98	1	28
فاذر	45.7	1	28
فبيرا	10.36	4	28
فلامي	9.67	1	28
فنرژي	-1.34	4	28
فبستم	31.59	4	28
فجام	15.64	1	28
فجوش	-0.42	4	28
تكشا	19.42	1	29
تكمبا	49.33	1	29
تپمپي	16.28	1	29
لبوتان	22.19	1	29
لابسا	14.71	1	29
تكنو	953.5	1	29
لخزر	12.59	1	29
تفيرو	-15.95	4	29
لازما	-57.26	4	29
تايرا	8.24	1	29
تپكو	-15.05	4	29
وتوشه	8.3	1	29
لسرما	18.44	1	29
لخانه	30.46	4	29
تمحركه	-470.27	1	29
بايكا	-13.1	4	31
نيرو	11.33	4	31
بسويچ	17.59	1	31
بنيرو	12.77	1	31
بالبر	60.39	1	31
بكاب	73.96	1	31
بشهاب	10.99	1	31
بكام	68.91	1	31
بترانس	14.56	1	31
بتك	212.49	4	31
بموتو	7.29	1	31
لپيام	46.52	4	32
لپارس	28.1	1	32
خديزل	6.77	2	34
خمحركه	33.38	1	34
خنصير	33.35	1	34
ختوقا	101.02	1	34
خاور	-0.52	4	34
خاذين	-15.38	1	34
خپارس	-1.34	1	34
خكمك	1604	1	34
خلنت	17.37	1	34
خچرخش	112.62	1	34
خزاميا	-12.32	1	34
خساپا	-1.08	1	34
خزر	29.94	1	34
خرينگ	151.97	1	34
خوساز	183.11	1	34
خريخت	-33.02	1	34
خگستر	272.84	1	34
ختور	17.19	1	34
تشتاد	-79.08	4	34
خكرمان	13.32	4	34
خودرو	-0.93	1	34
ختراك	13.31	1	34
خموتور	30.66	1	34
خاهن	37.58	1	34
خمحور	60.1	1	34
خفنر	35.05	1	34
ورنا	14.33	1	34
خفناور	-106.55	4	34
خكار	20.74	1	34
خعمرا	-27.74	4	34
خكاوه	-0.83	4	34
خبهمن	6.36	1	34
خمهر	-7.1	1	34
خپويش	9.98	1	34
خشرق	458.13	1	34
قنيشا	17.24	1	38
قلرست	23.74	1	38
قشرين	109.82	4	38
قاروم	3.23	4	38
قشير	27.88	2	38
قنقش	36.33	4	38
قپيرا	19.7	1	38
قهكمت	9.91	1	38
قمرو	13.86	1	38
قزوين	10.62	1	38
قصفها	14.96	1	38
قشكر	266.53	1	38
قشهد	14.87	1	38
قثابت	289.74	1	38
وصندوق	5	1	39
واميد	7.84	1	39
وغدير	8.56	1	39
وبانك	5.06	1	39
بمپنا	38.72	2	40
بفجر	5.96	1	40
بكهنوج	-17.06	2	40
بجهرم	135.33	2	40
بزاگرس	22.22	2	40
ونيرو	17.21	1	40
وهور	22.51	2	40
مبين	5	1	40
دماوند	58.48	2	40
غپونه	13.15	4	42
غگل	17.85	1	42
غديس	15.22	2	42
غگلستا	86.45	2	42
غنيلي	-51.61	2	42
غدشت	211.39	1	42
غسالم	40.33	1	42
غدام	15.27	1	42
غمينو	13.78	2	42
خودكفا	28.27	4	42
غشصفا	18.62	1	42
غشهد	3.03	1	42
غگرجي	19.61	1	42
غصينو	15.01	4	42
غمهرا	24.97	1	42
غشان	40.64	1	42
غشاذر	38.34	1	42
غالبر	23.73	1	42
غشهداب	6.85	2	42
غگز	-17.03	2	42
غفارس	59.24	2	42
غپاك	-45.33	1	42
غاذر	20.18	1	42
تبرك	9.45	2	42
غمارگ	16.77	1	42
غپينو	19.71	1	42
غشوكو	19.79	4	42
غيوان	-21.89	4	42
غنوش	92.63	1	42
بهپاك	14.32	2	42
غويتا	19.04	2	42
غبشهر	11.93	1	42
غپآذر	97.75	2	42
غبهنوش	41.71	1	42
غچين	22.54	1	42
وبشهر	10.12	1	42
غگلپا	17.4	2	42
ريشمك	17.44	2	43
ددام	77.19	1	43
دپارس	9.05	1	43
دسبحان	9.71	1	43
دلقما	46.06	1	43
دفارا	5.73	1	43
دكوثر	15.79	1	43
دحاوي	10.07	4	43
بركت	58.62	1	43
تيپيكو	8.08	1	43
دتماد	12.77	1	43
درازك	9.99	1	43
دزهراوي	-90.51	1	43
دارو	9.76	1	43
دابور	9.69	1	43
دتهران‌	8.95	4	43
دكيمي	9.18	1	43
دلر	7.7	1	43
دكپسول	14.61	2	43
شتهران	8.17	4	43
دالبر	11.85	1	43
دفرا	9.95	1	43
دتوليد	26.44	2	43
ديران	23.52	1	43
دامين	9.49	1	43
شفا	10.55	1	43
دعبيد	38.83	1	43
دسينا	13.83	1	43
دروز	70.39	1	43
دسانكو	60.52	2	43
داسوه	10.34	1	43
پخش	14.19	2	43
دقاضي	17.92	4	43
دشيري	8.58	4	43
كاسپين	9.05	2	43
دبالك	25.61	2	43
كي بي سي	16.52	2	43
درهآور	33.23	2	43
دجابر	12.33	1	43
وپخش	10.5	1	43
والبر	8.2	1	43
هجرت	10.86	2	43
دشيمي	19.84	1	43
دتوزيع	20.02	2	43
دسبحا	10.1	1	43
شبصير	5.09	2	44
ممسني	-316.14	4	44
فسا	65.33	4	44
شاراك	4.41	1	44
شكبير	7.37	4	44
شكلر	11.31	1	44
شفارا	-146.55	4	44
شلرد	-1456.5	4	44
نوري	8.42	1	44
شوينده	12.98	1	44
شفن	3.52	1	44
شپديس	4.72	1	44
پارسان	6.1	1	44
جم پيلن	5.5	1	44
فارس	6.48	1	44
مارون	6.97	2	44
داراب	58.85	4	44
شپارس	14.1	1	44
شكربن	14.44	1	44
شسينا	13.83	1	44
شيران	6.55	1	44
شصفها	3.93	4	44
شغدير	5.06	2	44
شگامرن	-34.67	2	44
پارس	5.68	1	44
تاپيكو	6.94	1	44
جهرم	76.5	4	44
خراسان	4.3	1	44
شجم	19.4	4	44
ساينا	9.31	2	44
شمواد	-478.03	4	44
شپاكسا	6.03	1	44
زنجان	-2052	4	44
پترول	8.63	1	44
دهدشت	-962.33	4	44
جم	6.07	1	44
شدوص	11.63	1	44
شپترو	-5.65	4	44
شكف	-2.22	4	44
زاگرس	3.96	2	44
شستان	-264.5	4	44
كرماشا	5.54	1	44
شخارك	6.37	1	44
شتوكا	23.33	2	44
شيراز	5.37	1	44
شلعاب	382.32	1	44
وپترو	76.15	1	44
شتولي	-0.61	4	44
شاملا	9.52	1	44
شگل	8.72	1	44
كازرو	-312	4	44
پاكشو	13.01	1	44
شفارس	53.81	1	44
شرنگي	81.06	4	44
شپلي	-11.74	4	44
شسم	-45.68	4	44
خصدرا	67.58	4	45
بالاس	20.68	2	45
وپسا	303.83	4	45
بميلا	6.09	4	46
قاسم	30.4	2	47
افق	16.87	1	47
كصدف	-69.54	4	49
كحافظ	-188.25	1	49
كلوند	12.56	1	49
كهرام	-47.62	4	49
كساوه	9.53	1	49
كپارس	10.04	1	49
كترام	20.23	1	49
كسعدي	18	1	49
سلار	687.56	4	53
سخواف	-94.37	4	53
سفانو	6.44	1	53
سرود	15.28	1	53
سمتاز	6.7	4	53
ساروج	7.41	4	53
سهرمز	9.54	1	53
سدور	2172	1	53
سنير	14.58	1	53
سباقر	9.87	4	53
ساربيل	7.92	1	53
سكرد	-2250	1	53
سيلام	105.03	1	53
سبزوا	6.63	2	53
سخزر	6.83	1	53
سشرق	9.36	1	53
سيدكو	12.17	1	53
سمازن	12.21	1	53
ساراب	7.4	1	53
سدشت	62.38	1	53
سبهان	9.58	1	53
سصوفي	13.77	1	53
سجام	-4.66	4	53
سپاها	180	1	53
سغرب	15.82	1	53
سخاش	8.94	1	53
سكرما	7.21	1	53
سفار	20.76	1	53
سهگمت	11.18	1	53
ستران	-2112.17	1	53
سقاين	20.32	1	53
سشمال	9.67	1	53
سفارس	13.36	1	53
سصفها	42	1	53
سخوز	8.09	1	53
سكارون	-7.53	4	53
ساروم	7.01	1	53
كخاك	9.25	1	54
كگاز	17.55	1	54
كهمدا	8.39	1	54
كباده	1.35	4	54
كقزوي	20.68	4	54
سفارود	-6.54	4	54
كايتا	253.59	4	54
كرازي	8.84	1	54
كساپا	45.98	1	54
سفاسي	-155.39	4	54
كفرا	8.03	1	54
كسرا	22.87	1	54
كسرام	-40.11	1	54
كتوكا	7.18	2	54
سايرا	-8.34	4	54
كاذر	9.96	1	54
كابگن	-2.19	4	54
كمرجان	72.13	2	54
كورز	13.38	4	54
كپشير	24.75	1	54
كفپارس	-56.49	1	54
سپرمي	-4.01	4	54
سمگا	-1583.75	2	55
گپارس	73.75	4	55
گكوثر	28.86	2	55
گكيش	62.2	4	55
وآرين	3.06	4	56
واعتبار	6.2	1	56
وبوعلي	4.37	1	56
وتوصا	31.03	1	56
وسبحان	3.76	2	56
وبيمه	31.47	1	56
سنوين	786.4	4	56
فلات	153.17	4	56
اعتلا	5.63	2	56
ونيكي	5.64	1	56
وسكاب	3.39	1	56
سدبير	10.95	2	56
وكادو	26.31	4	56
معيار 	-16193	4	56
پرديس	3.77	1	56
وخارزم	10.35	1	56
سرچشمه	6.26	2	56
واتي	7.09	1	56
وملت	45.11	4	56
وشمال	-31.49	4	56
وبرق	30.64	4	56
گوهران	4.39	2	56
وجامي	12.13	4	56
وسپه	5.48	1	56
وايرا	13.28	4	56
وآداك	1441.4	4	56
وصنعت	3.83	1	56
وگستر	6.33	2	56
وساپا	14.62	1	56
وصنا	4.36	1	56
وتوسم	3.53	1	56
آريان	23.98	4	56
وخاور	4.84	1	57
سامان	1.86	4	57
وسالت	-12.35	4	57
وكار	10.65	1	57
سمايه	-0.06	4	57
وتجارت	16.38	1	57
وشهر	-0.6	4	57
وبصادر	-6.9	1	57
وبملت	2.16	1	57
وپاسار	5.29	1	57
وسينا	16.85	1	57
وملل	2.79	2	57
وپست	-3.76	1	57
وزمين	-0.23	4	57
وپارس	-4.97	1	57
وآيند	14.42	4	57
وگردش	2.67	4	57
توسعه	12.03	4	57
ونوين	-4.19	1	57
ولغدر	13.54	1	58
ولملت	6.58	1	58
ولبهمن	10.32	2	58
ولساپا	9.59	1	58
وايران	6.65	1	58
ولصنم	8.9	1	58
وليز	-23.98	1	58
حبندر	2.29	4	60
حسير	17.86	2	60
حرهشا	22.66	4	60
توريل	8.67	2	60
حتوكا	69.74	1	60
حآسا	42.86	2	60
حكشتي	22.02	1	60
حپترو	79.42	1	60
حپارسا	22.86	2	60
حسينا	7.09	2	60
حتايد	6.44	1	60
حريل	15.51	2	60
حفارس	-303.22	1	60
حخزر	12.35	2	61
حاريا	-8.18	4	61
اخابر	7.78	1	64
همراه	7.59	1	64
ولتجار	-93.21	4	65
وآتوس	-98.16	4	65
وثوق	18.61	4	65
وسنا	16.71	4	65
ولانا	52.19	4	65
ولشرق	9.76	2	65
وارس	14.07	4	65
واحصا	46.48	4	65
ومشان	53.6	4	65
ولراز	-82.67	4	65
واحيا	10.16	4	65
بپاس	16.48	2	66
بساما	15.21	2	66
وتعاون	37.33	4	66
وحافظ	-17.77	4	66
البرز	15.56	1	66
پارسيان	13.44	1	66
وسرمد	11.5	4	66
ما	6.54	1	66
ودي	4.9	2	66
اتكاي	6.92	2	66
ورازي	-511.6	4	66
آسيا	14.81	1	66
ملت	17.11	1	66
بخاور	9.29	4	66
بنو	9.21	4	66
دانا	16.77	1	66
كوثر	10.79	2	66
اتكام	10.96	2	66
ومعلم	49.12	2	66
نوين	6.1	2	66
ميهن	-206.87	2	66
وآفري	16.75	4	66
وسين	-13.03	4	66
كبورس	14.68	1	67
اكالا	213.65	1	67
كالا	64.03	1	67
اميد	6.08	1	67
نكالا	53.66	1	67
لوتوس	5.81	1	67
تنوين	5.66	1	67
بورس	14.44	1	67
فرابورس	15.32	2	67
سخند	3.69	2	68
ثشرق	17.72	1	70
وتوس	60.21	1	70
ثامان	168.79	1	70
ثالوند	12.46	2	70
وثخوز	-5360.67	4	70
ثمسكن	20.57	1	70
ثعتما	54.29	4	70
ثنظام	306.87	4	70
ثباغ	25.37	2	70
آ س پ	-260.86	2	70
ثشاهد	12.28	1	70
ثزاگرس	-19.14	4	70
ثتران	34.07	2	70
ثعمرا	35.97	2	70
ثتوسا	206.08	4	70
وآذر	-147.31	1	70
ثفارس	15.62	1	70
ثاباد	2110.5	1	70
ثاخت	-36.48	1	70
ثغرب	227.75	2	70
كرمان	22.54	2	70
ثپرديس	18.11	2	70
ثنوسا	-31.37	1	70
ثاصفا	3.8	4	70
ثنام	39.52	4	70
وساخت	-61.67	1	70
ثرود	72.14	2	70
خبازرس	7.25	4	71
فن آوا	22.57	4	72
مرقام	-31.64	1	72
رتاپ	8.17	1	72
سپ	14.65	1	72
افرا	13.73	2	72
رانفور	11.22	1	72
مداران	15.49	1	72
مفاخر	23.13	2	72
ركيش	8.49	1	72
تاپكيش	12.34	2	72
سيستم	10.07	1	72
پرداخت	10.66	1	72
آپ	11.76	1	72
هاي وب	31.03	1	73
اوان	91.16	2	73
خفولا	42.03	4	74
رتكو	702.83	1	74
تابا	8.01	4	74
تپولا	-21.17	4	74
رمپنا	14.74	1	74
رنيك	16	2	74
وهنر	7.59	4	90
