سبزوا,	48.05	53	26.19
غبهار,	50.02	42	21.93
سخاش,	40.06	53	32.95
سفارود,	50.26	54	27.4
وحافظ,	48.68	66	35.77
ثباغ,	42.48	70	31.97
حريل,	48.29	60	21.82
دارو,	44.75	43	26.45
ولانا,	54.04	65	44.17
گكوثر,	49.34	55	25.67
خمحور,	45.16	34	23.79
خاهن,	45.88	34	28.77
ثاصفا,	63.35	70	28.42
سبجنو,	42.35	53	26.76
شتولي,	54.05	44	36.02
تشتاد,	46.08	34	47.39
فسپا,	52.33	27	20.63
وايرا,	56.26	56	35.85
شزنگ,	46.08	23	47.5
وملت,	53.64	56	30.77
ثعتما,	62.34	70	28.07
زنجان,	52.47	44	30.85
چفيبر,	48.89	20	24.98
داسوه,	42.19	43	34.79
ولراز,	51.65	65	41.76
ثقزوي,	34.06	70	46.38
پاسا,	44.62	25	20.01
لابسا,	41.84	29	27.06
ثنور,	43.39	70	31.76
سيلام,	44.59	53	33.11
وآداك,	40.32	56	24.25
ماديرا,	39.9	26	57.46
خاور,	47.09	34	38.5
حپترو,	35.19	60	28.85
كازرو,	48.62	44	38.09
وآتوس,	60.84	65	37.27
سلار,	76.43	53	28.32
ثاخت,	44.44	70	25.58
آينده,	23.24	01	32.51
دابور,	46.19	43	30.37
سقاين,	45.97	53	21.11
دفرا,	47.79	43	31.99
ورازي,	35.7	66	43.73
گپارس,	39.15	55	41.04
وآفري,	52.19	66	28.16
سجام,	47.66	53	42.02
شسم,	45.89	44	47
فسديد,	20.99	27	37.34
غنيلي,	42.12	42	25
بموتو,	44.09	31	21.24
شكف,	49.52	44	24.12
تپولا,	50.24	74	37.5
وجامي,	62.97	56	32.8
ختراك,	42.4	34	49.97
كپرور,	39.57	10	51.27
نتوس,	46.96	17	20.71
خفولا,	42.84	74	36.73
حاريا,	54.85	61	33.82
لخانه,	80.47	29	30
كباده,	4.74	54	37.02
سخواف,	50.2	53	46.9
سباقر,	52.59	53	36.35
داراب,	46.93	44	37.87
سپرمي,	0	54	23.87
كيميا,	43.86	27	22.84
ثپرديس,	47.99	70	23.32
وبوعلي,	52.97	56	20.28
واحصا,	43.5	65	45.88
شپلي,	82.66	44	21.44
ثزاگرس,	46.64	70	50.23
كسعدي,	51.58	49	21.39
پلوله,	33.73	25	28.87
فسا,	48.12	44	36.83
حرهشا,	51.85	60	32.66
ثجوان,	42.06	70	23.89
تابا,	63.36	74	35.43
غگرجي,	41.67	42	24.45
غشان,	44.65	42	22.11
سبهان,	45.17	53	20.8
كلوند,	52.98	49	29.62
دجابر,	54.01	43	21.65
لازما,	77.67	29	28.94
جهرم,	48.34	44	40.09
كفرآور,	75.33	54	35.62
سفاسي,	54.71	54	48.98
سپاها,	46.65	53	25.2
ثتوسا,	47.71	70	42.13
خديزل,	46.46	34	27.46
كرماشا,	36.03	44	23.51
آرمان,	32.58	66	21.77
وثنو,	55.86	65	32.24
گكيش,	36.36	55	38.71
شرنگي,	43.66	44	30.01
وثخوز,	60.22	70	24.29
دروز,	49.78	43	24.08
شدوص,	44.24	44	27.66
فولاژ,	39.36	27	24.15
رتاپ,	46.32	72	22.6
سمايه,	44.54	57	32.2
شفارس,	48.2	44	20.32
تليسه,	58.63	01	20.26
ولصنم,	52.5	58	21.02
ثنام,	63.14	70	31.78
دبالك,	47.06	43	35.43
غدشت,	53.12	42	22.21
اتكاي,	54.73	66	22.78
ريشمك,	42.09	43	24.34
سشمال,	47.07	53	23.18
ورنا,	47.32	34	20.05
وگردش,	39.88	57	22.08
دزهراوي,	44.81	43	34.39
مداران,	49.51	72	21.53
دسانكو,	49.79	43	31.95
واعتبار,	50.19	56	30.94
اعتلا,	44.33	56	37.93
خكاوه,	48.45	34	36.44
وپسا,	53.13	45	52.33
شپاس,	43.5	23	21.64
دتماد,	53.63	43	26.53
ولتجار,	51.17	65	45.47
حسير,	60.54	60	24.16
فبيرا,	52.87	28	39.08
قاسم,	40.6	47	32.94
ثشاهد,	44.46	70	26.25
سنير,	42.92	53	27.91
فولاي,	56.2	27	21.27
غپونه,	53.24	42	35.39
بالبر,	37.09	31	31.29
ثعمرا,	50.26	70	21.7
ولشرق,	48.4	65	27.37
ثغرب,	55.35	70	20.13
وبرق,	62.63	56	39.35
دلقما,	49.74	43	29.54
سيمرغ,	53.58	01	20.21
تليسهح,	61.82	01	24.57
بنيرو,	50.34	31	25.3
ثتران,	51.1	70	24.35
وپست,	49.11	57	27.96
فن آوا,	68.15	72	26.87
چافست,	41.18	22	38.24
سپ,	38.27	72	23.64
وسين,	53.82	66	30.38
وكادو,	54.15	56	25.79
حسينا,	52.09	60	20.9
دسبحا,	45.05	43	33.98
وسديد,	37.74	27	43.42
وملل,	45.94	57	21.94
البرز,	44.29	66	25.4
كساوه,	55.48	49	22.97
دي,	50.34	57	32.94
ونيكي,	43.44	56	21.19
ومعلم,	50.65	66	20.94
شتوكا,	39.38	44	48.51
ارفع,	30.21	27	41.29
سمگا,	40.88	55	27.35
وآيند,	36.82	57	29.64
گوهران,	49.93	56	23.41
شفا,	54.12	43	23.3
كاسپين,	43.08	43	24.99
دسينا,	50.88	43	27.71
شسپا,	40.01	23	22.57
بركت,	39.36	43	34.05
غمارگ,	46.52	42	21.58
شپارس,	54.6	44	20.42
تكمبا,	57.88	29	21.69
تاپكيش,	48.53	72	20.56
وپارس,	37.44	57	32.3
پخش,	38.36	43	48.96
زكشت,	48.58	01	28.21
شخارك,	31.48	44	21.73
فزرين,	44.15	27	24.69
شگل,	47.51	44	38.79
حخزر,	44.94	61	29.73
بمپنا,	50.55	40	20.26
هجرت,	43.1	43	27.54
وتجارت,	40.66	57	21.71
دپارس,	43.21	43	23.58
ارفعح,	21.72	27	48.28
دعبيد,	45.89	43	23.02
شكلر,	47.49	44	23.82
درازك,	51.98	43	22.94
كرمان,	41.34	70	31.49
غبشهر,	48.8	42	20.73
وسينا,	41.11	57	26.21
هاي وب,	42.21	73	25.67
ذوب,	40.28	27	25.21
شپنا,	20.24	23	61.68
ثمسكن,	50.96	70	25.53
ساراب,	46.5	53	32.52
ونوين,	37.52	57	41.58
دكيمي,	46.42	43	30.49
دسبحان,	50.82	43	28.43
