نماد	p/e	بازار	گروه
زكشت	38.18	2	01
زپارس	19	1	01
زفكا	10.02	2	01
تليسه	28.71	2	01
زدشت	17.22	2	01
زشگزا	18.75	2	01
زگلدشت	10.34	2	01
زشريف	28.85	2	01
زقيام	11.98	2	01
آبين	176.49	4	01
زبينا	19.61	2	01
زمگسا	17.42	1	01
زماهان	21.55	2	01
كطبس	13.69	1	10
كپرور	17.03	2	10
كشرق	62.76	2	10
حفاري	14.82	1	11
كگل	6.3	1	13
تكنار	-37.98	4	13
تاصيكو	9.86	1	13
كدما	58.55	1	13
كچاد	5.12	1	13
كاما	6.67	1	13
كمنگنز	9.81	1	13
كبافق	261.22	1	13
كروي	11.87	1	13
ومعادن	9.06	1	13
كنور	8.86	1	13
كماسه	52.03	1	14
نطرين	15.15	2	17
نمرينو	144.56	1	17
نبروج	3.3	1	17
نتوس	-623.15	4	17
نشار	1.09	4	17
وملي	4107.33	1	19
چنوپا	0.09	4	20
چفيبر	-277.42	1	20
چكاوه	-82.27	1	21
چكاپا	13.66	2	21
چكارن	79.92	1	21
چافست	24.5	1	22
ونفت	9.99	1	23
شپنا	3.8	1	23
شپاس	9.01	2	23
شبندر	4.45	1	23
شاوان	7.23	2	23
شرانل	7.58	2	23
شزنگ	-101.24	4	23
شبهرن	6.74	1	23
شسپا	5.13	1	23
شبريز	5.21	1	23
شراز	5.48	2	23
شنفت	8.9	1	23
شتران	4.67	1	23
پارتا	27.14	4	25
پلاست	-4.66	4	25
پشاهن	13.85	4	25
پسهند	12.18	1	25
پلاسك	-21.46	1	25
پكرمان	21.67	1	25
پكوير	88.23	1	25
پاسا	9.64	1	25
پلوله	-0.75	4	25
پتاير	7.63	1	25
ماديرا	9.31	2	26
فايرا	5.13	1	27
فسپا	7.01	1	27
ذوب	12.43	2	27
فملي	4.9	1	27
فروس	17.12	1	27
فماك	-294.29	2	27
فسرب	19.81	1	27
فرآور	14.3	1	27
ميدكو	20.33	2	27
زنگان	84.67	2	27
كاوه	6.53	1	27
فنفت	34.02	4	27
ارفع	6.42	2	27
فباهنر	8.42	1	27
فوكا	-12.23	4	27
فافزا	26.54	4	27
كيميا	7.88	2	27
فخاس	22.09	1	27
فسازان	16.7	1	27
وتوكا	16.6	1	27
فولاد	3.68	1	27
فولاژ	5.95	1	27
فنوال	14.56	1	27
هرمز	7.08	2	27
فجر	5.31	1	27
فپنتا	30.07	1	27
وسديد	-31.74	4	27
فاهواز	-27.23	4	27
فالوم	-93.82	4	27
فسديد	-2.08	4	27
فولاي	12.17	2	27
فنورد	21.97	1	27
فزرين	14.41	2	27
كوير	6.52	1	27
فخوز	4.38	1	27
فلامي	10.95	1	28
فبستم	31.59	4	28
فجوش	-0.42	4	28
فنرژي	-1.45	4	28
چدن	6.54	1	28
فاراك	23.52	1	28
فاذر	45.2	1	28
فبيرا	11.43	4	28
فاما	8.65	1	28
فجام	17.32	1	28
تپمپي	15.61	1	29
لخزر	13.32	1	29
تكشا	21.37	1	29
تكنو	219.25	1	29
لازما	-59.57	4	29
لبوتان	24.07	1	29
وتوشه	8.81	1	29
لسرما	21.18	1	29
تايرا	8.54	1	29
تكمبا	54.43	1	29
لابسا	16	1	29
تمحركه	107.63	1	29
تفيرو	-15.95	4	29
لخانه	33.92	4	29
بنيرو	14.27	1	31
بتك	216.73	4	31
بشهاب	12.39	1	31
نيرو	12.4	4	31
بالبر	56.68	1	31
بسويچ	17.15	1	31
بكام	77.38	1	31
بايكا	-13.49	4	31
بكاب	78.98	1	31
بموتو	7.63	1	31
بترانس	16.19	1	31
لكما	-30.28	4	32
لپيام	49.33	4	32
لپارس	31.37	1	32
ختور	17.87	1	34
خپارس	-1.32	1	34
خكمك	1614	1	34
خرينگ	168.9	1	34
خاذين	-17.37	1	34
خزاميا	-12.92	1	34
خموتور	33.1	1	34
خچرخش	118	1	34
خاهن	40.91	1	34
خمحور	65.14	1	34
خزر	33.01	1	34
ورنا	15.24	1	34
خوساز	202.67	1	34
خكار	23.82	1	34
خريخت	-33.76	1	34
خاور	-0.58	4	34
خلنت	18.29	1	34
خمحركه	37.82	1	34
ختوقا	110.11	1	34
خمهر	-7.53	1	34
ختراك	14.72	1	34
خديزل	7.03	2	34
خشرق	506.38	1	34
خفنر	36.78	1	34
خپويش	10.5	1	34
خساپا	-1.14	1	34
خنصير	38.17	1	34
خبهمن	6.64	1	34
خكاوه	-0.92	4	34
خگستر	276.22	1	34
خودرو	-0.97	1	34
تشتاد	-85.73	4	34
خليبل	-0.89	4	34
خفناور	-118.41	4	34
قنقش	33.69	4	38
قپيرا	20.69	1	38
قلرست	26.52	1	38
قاروم	3.23	4	38
قشكر	295.73	1	38
قشرين	121.43	4	38
قنيشا	18.72	1	38
قشير	32.25	2	38
قصفها	16.02	1	38
قثابت	305.81	1	38
قچار	18.56	2	38
قهكمت	11.03	1	38
قمرو	15.11	1	38
قزوين	12.02	1	38
قشهد	15.97	1	38
واميد	7.75	1	39
وصندوق	4.96	1	39
وغدير	8.69	1	39
وبانك	5.21	1	39
ونيرو	19.17	1	40
بزاگرس	24.11	2	40
بكهنوج	-19.37	2	40
وهور	25.64	2	40
بمپنا	40.43	2	40
بفجر	6.08	1	40
مبين	4.98	1	40
دماوند	59.6	2	40
بجهرم	135.22	2	40
غگرجي	21.34	1	42
خودكفا	29.69	4	42
غالبر	26.29	1	42
غشصفا	18.64	1	42
غويتا	19.76	2	42
بهپاك	14.5	2	42
غگل	19	1	42
غدام	16.72	1	42
غمهرا	26.75	1	42
غگز	-17.03	2	42
غاذر	21.05	1	42
غدشت	105.85	1	42
غشاذر	42.41	1	42
غمينو	14.3	2	42
غيوان	-22.77	4	42
غنيلي	-49.46	2	42
غپآذر	42.7	2	42
غشوكو	21.61	4	42
غپاك	-46.99	1	42
وبشهر	10.87	1	42
غچين	22.11	1	42
غسالم	45.06	1	42
غبهنوش	45.65	1	42
غمارگ	17.83	1	42
غديس	15.7	2	42
غگلپا	17.88	2	42
غپونه	14.53	4	42
غپينو	18.93	1	42
تبرك	10	2	42
غگلستا	93.4	2	42
غشهد	3.29	1	42
غشهداب	7.35	2	42
غفارس	58.46	2	42
غبشهر	12.98	1	42
غصينو	15.28	4	42
غشان	38.74	1	42
دحاوي	10.63	4	43
دزهراوي	-97.88	1	43
دسبحا	11.37	1	43
دتهران‌	8.95	4	43
شتهران	8.17	4	43
دجابر	12.6	1	43
دقاضي	19.4	4	43
دعبيد	41.84	1	43
دفارا	6.27	1	43
دشيمي	22.12	1	43
دلر	8.38	1	43
تيپيكو	8.78	1	43
دلقما	46.4	1	43
كاسپين	9.88	2	43
دكپسول	16.42	2	43
داوه	40.2	2	43
هجرت	11.62	2	43
بركت	63.39	1	43
دشيري	8.84	4	43
دتماد	13.79	1	43
ددام	88.68	1	43
كي بي سي	17.79	2	43
دتوزيع	18.91	2	43
دكيمي	9.5	1	43
درهآور	38.13	2	43
درازك	11.37	1	43
دروز	76.97	1	43
دامين	9.89	1	43
دسبحان	10.88	1	43
دارو	9.88	1	43
ديران	26.65	1	43
دسانكو	67.09	2	43
پخش	15.64	2	43
دسينا	15.05	1	43
دپارس	9.92	1	43
دابور	10.42	1	43
دفرا	10.54	1	43
دتوليد	30.1	2	43
والبر	9.41	1	43
داسوه	11.19	1	43
شفا	11.36	1	43
دالبر	12.55	1	43
ريشمك	19.26	2	43
دبالك	28.39	2	43
وپخش	11.41	1	43
دكوثر	18.47	1	43
شگل	9.33	1	44
شكربن	16.68	1	44
شوينده	12.96	1	44
شپاكسا	5.84	1	44
شفارا	-158.82	4	44
شكبير	7.33	4	44
شغدير	5.33	2	44
شبصير	5.08	2	44
كازرو	-289.9	4	44
شپديس	4.8	1	44
شفن	3.5	1	44
فسا	69.83	4	44
زنجان	-2169	4	44
شفارس	58.45	1	44
جهرم	88.67	4	44
شدوص	12.16	1	44
پاكشو	13.77	1	44
مارون	7.11	2	44
شاملا	9.88	1	44
نوري	8.12	1	44
شخارك	6.21	1	44
شسينا	15.43	1	44
فارس	6.36	1	44
پارسان	6.24	1	44
شرنگي	78.56	4	44
پارس	5.53	1	44
شكلر	11.86	1	44
شمواد	-532.05	4	44
زاگرس	4	2	44
شاراك	4.36	1	44
شيران	7.44	1	44
خراسان	4.3	1	44
شصفها	3.82	4	44
جم پيلن	5.52	1	44
شپترو	-6	4	44
شتولي	-0.61	4	44
جم	5.99	1	44
پترول	8.96	1	44
شستان	-364.33	4	44
شپارس	15.25	1	44
تاپيكو	6.83	1	44
ممسني	-345.14	4	44
شلعاب	410.18	1	44
شيراز	5.35	1	44
شتوكا	24.8	2	44
شپلي	-13.07	4	44
ساينا	9.48	2	44
كرماشا	5.54	1	44
شكف	-2.14	4	44
شلرد	-1579	4	44
شجم	19.34	4	44
شسم	-48.32	4	44
وپترو	82.04	1	44
داراب	74.55	4	44
وپسا	315.5	4	45
بالاس	22.66	2	45
خصدرا	75.11	4	45
بميلا	6.18	4	46
قاسم	32.65	2	47
افق	17.27	1	47
كپارس	11.55	1	49
كلوند	14.3	1	49
كصدف	-73.51	4	49
كساوه	10.01	1	49
كسعدي	20.26	1	49
كحافظ	-206.44	1	49
كترام	22.74	1	49
سفانو	6.77	1	53
سرود	15.49	1	53
سغرب	16.76	1	53
سباقر	10.63	4	53
سفار	20.77	1	53
سهگمت	12.71	1	53
سقاين	21.74	1	53
سمازن	13.57	1	53
سنير	15.86	1	53
سبزوا	7.59	2	53
ساروج	7.66	4	53
سپاها	205.45	1	53
سلار	748.22	4	53
سصوفي	14.46	1	53
سخوز	8.66	1	53
سخزر	7.86	1	53
سيدكو	13.11	1	53
سيلام	114.42	1	53
سهرمز	9.92	1	53
سخواف	-97.69	4	53
ساروم	7.53	1	53
سكارون	-7.7	4	53
ساراب	8.28	1	53
سدشت	57.77	1	53
سدور	2477	1	53
ساربيل	8.7	1	53
سفارس	15.06	1	53
سكرما	7.79	1	53
سكرد	-2531	1	53
سبهان	10.93	1	53
ستران	-2414.67	1	53
سشمال	10.44	1	53
سصفها	44.3	1	53
سخاش	9.44	1	53
سجام	-5.17	4	53
سمتاز	7.32	4	53
سفاسي	-173	4	54
سپرمي	-4.01	4	54
كورز	13.38	4	54
كباده	1.35	4	54
كتوكا	7.77	2	54
كخاك	9.8	1	54
كسرا	26.1	1	54
كساپا	44.96	1	54
سفارود	-6.17	4	54
كقزوي	21.44	4	54
كفپارس	-62.31	1	54
كسرام	-45.38	1	54
كمينا	70.28	4	54
كايتا	258.44	4	54
كابگن	-2.15	4	54
كرازي	9.71	1	54
كهمدا	9.33	1	54
كمرجان	80.4	2	54
سايرا	-8.61	4	54
كگاز	20.21	1	54
كپشير	28.58	1	54
كفرآور	-56.91	4	54
كاذر	11.24	1	54
كفرا	9.13	1	54
سمگا	-1720.75	2	55
گپارس	80.24	4	55
گكيش	67.85	4	55
گكوثر	33.41	2	55
وبوعلي	4.46	1	56
وساپا	15.8	1	56
وتوصا	32.66	1	56
وگستر	6.71	2	56
گوهران	4.7	2	56
وصنعت	4.03	1	56
واتي	7.89	1	56
وملت	49.86	4	56
معيار 	-15872	4	56
وسبحان	4.08	2	56
پرديس	4.07	1	56
وسكاب	3.38	1	56
وسپه	5.8	1	56
وصنا	4.89	1	56
سدبير	12.23	2	56
سرچشمه	6.59	2	56
ونيكي	5.8	1	56
وبرق	33.2	4	56
اعتلا	6.29	2	56
سنوين	770.8	4	56
وشمال	-33.1	4	56
فلات	161	4	56
وبهمن	11.64	1	56
وآداك	1551.1	4	56
وكادو	27.78	4	56
آريان	24.8	4	56
وآرين	3.09	4	56
وايرا	14.04	4	56
وتوسم	3.86	1	56
وبيمه	34.24	1	56
وپست	-4.24	1	57
وتجارت	16.03	1	57
وپاسار	5.34	1	57
وبصادر	-6.69	1	57
وشهر	-0.59	4	57
وبملت	2.15	1	57
وپارس	-5.07	1	57
سمايه	-0.07	4	57
وآيند	14.7	4	57
وزمين	-0.25	4	57
ونوين	-4.33	1	57
وخاور	4.87	1	57
وسالت	-12.35	4	57
توسعه	12.09	4	57
وكار	11.4	1	57
وگردش	2.73	4	57
سامان	1.9	4	57
وسينا	17.29	1	57
ولصنم	9.79	1	58
ولبهمن	11.86	2	58
ولملت	7.45	1	58
ولغدر	15.58	1	58
ولساپا	10.92	1	58
وليز	-27.14	1	58
وايران	7.12	1	58
حسينا	7.93	2	60
حسير	18.9	2	60
حتوكا	78.17	1	60
حآسا	47.77	2	60
حپارسا	25.4	2	60
حريل	17.4	2	60
حپترو	83.74	1	60
حكشتي	21.94	1	60
حفارس	-324.33	1	60
توريل	9.08	2	60
حبندر	2.36	4	60
حتايد	7.04	1	60
حرهشا	24.83	4	60
حاريا	-6.7	4	61
حخزر	14.2	2	61
اخابر	7.88	1	64
همراه	7.63	1	64
ولانا	57.38	4	65
ومشان	56.42	4	65
وثوق	20.3	4	65
ولشرق	10.46	2	65
ولراز	-91.38	4	65
واحيا	11	4	65
وثنو	15.65	4	65
ولتجار	-101.21	4	65
وارس	15.36	4	65
وسنا	18.1	4	65
واحصا	49.81	4	65
وآتوس	-105.24	4	65
ملت	19.45	1	66
البرز	15.76	1	66
ومعلم	52.85	2	66
ميهن	-228.5	2	66
آسيا	15.33	1	66
ودي	5.5	2	66
پارسيان	14.54	1	66
وآفري	17.04	4	66
بخاور	10.11	4	66
اتكاي	7.37	2	66
وسرمد	12.8	4	66
نوين	7.39	2	66
كوثر	11.47	2	66
ما	7.06	1	66
ورازي	-527	4	66
اتكام	11.31	2	66
وتعاون	37.06	4	66
بنو	9.53	4	66
بپاس	17.15	2	66
وسين	-14.04	4	66
بساما	17.31	2	66
دانا	18.14	1	66
وحافظ	-18.74	4	66
بورس	15.34	1	67
اكالا	225.44	1	67
كالا	69.27	1	67
كبورس	15.1	1	67
لوتوس	5.9	1	67
نكالا	56.62	1	67
فرابورس	16.13	2	67
اميد	6.24	1	67
تنوين	5.88	1	67
سخند	3.7	2	68
وتوس	66.36	1	70
ثشرق	18.51	1	70
ثرود	83.41	2	70
ثپرديس	19.07	2	70
ثغرب	262.38	2	70
ثعمرا	36.05	2	70
ثباغ	27.31	2	70
ثشاهد	13.08	1	70
ثامان	193.21	1	70
ثزاگرس	-20.68	4	70
ثالوند	13.8	2	70
ثاخت	-37.62	1	70
ثاباد	2262.5	1	70
ثنظام	341.82	4	70
وآذر	-154.09	1	70
ثتران	37.84	2	70
ثتوسا	222.19	4	70
وساخت	-71.38	1	70
كيسون	30	4	70
آ س پ	-277.43	2	70
وثخوز	-5926.33	4	70
ثجوان	-40.38	4	70
ثمسكن	23.05	1	70
ثعتما	56.17	4	70
ثنوسا	-35.82	1	70
ثاصفا	4.23	4	70
ثفارس	16.22	1	70
ثنام	43.61	4	70
كرمان	25.96	2	70
خبازرس	7.85	4	71
فن آوا	23.21	4	72
مفاخر	24.74	2	72
افرا	15.3	2	72
تاپكيش	13.61	2	72
پرداخت	11.02	1	72
سپ	15.56	1	72
آپ	13.44	1	72
ركيش	9.61	1	72
رتاپ	8.91	1	72
رانفور	11.24	1	72
سيستم	10.43	1	72
هاي وب	31.37	1	73
رتكو	747.57	1	74
رمپنا	15.29	1	74
رنيك	16.81	2	74
تابا	8.9	4	74
تپولا	-21.72	4	74
وهنر	7.37	4	90
